1	0.468475452196
101	0.562790697674
201	0.667700258398
301	0.616020671835
401	0.612919896641
500	0.549354005168
1000	0.629974160207
1500	0.642118863049
2000	0.696640826873
2500	0.694315245478
3000	0.644186046512
3500	0.707751937984
4000	0.650387596899
4500	0.570284237726
5000	0.668217054264
5500	0.695348837209
6000	0.690956072351
6500	0.652971576227
7000	0.659948320413
7500	0.680103359173
8000	0.58811369509
8500	0.662273901809
9000	0.57519379845
9500	0.681395348837
10000	0.63669250646
10500	0.686563307494
11000	0.694315245478
11500	0.619379844961
12000	0.645219638243
12500	0.645478036176
13000	0.627648578811
13500	0.680103359173
14000	0.676485788114
14500	0.67984496124
15000	0.652713178295
15500	0.686563307494
16000	0.620671834625
16500	0.594573643411
17000	0.642635658915
17500	0.641085271318
18000	0.633333333333
18500	0.664857881137
19000	0.65322997416
19500	0.652196382429
20000	0.638242894057
20500	0.658397932817
21000	0.710335917313
21500	0.690180878553
22000	0.652196382429
22500	0.701550387597
23000	0.700775193798
23500	0.603617571059
