1	0.464771748493
101	0.616365202412
201	0.52661498708
301	0.397416020672
401	0.567097329888
500	0.532472006891
1000	0.58931955211
1500	0.612230835487
2000	0.588458225668
2500	0.581912144703
3000	0.646511627907
3500	0.644099913867
4000	0.598277347115
4500	0.597760551249
5000	0.59879414298
5500	0.658914728682
6000	0.675452196382
6500	0.684409991387
7000	0.65202411714
7500	0.630490956072
8000	0.672523686477
8500	0.655297157623
9000	0.627906976744
9500	0.663221360896
10000	0.709388458226
10500	0.671317829457
11000	0.644099913867
11500	0.708182601206
12000	0.689577950043
12500	0.695607235142
13000	0.673040482343
13500	0.677347114556
14000	0.678725236865
14500	0.650301464255
15000	0.702325581395
15500	0.713178294574
