1	0.462857142857
101	0.540952380952
201	0.630476190476
301	0.550476190476
401	0.491428571429
500	0.308571428571
1000	0.561904761905
1500	0.615238095238
2000	0.52380952381
2500	0.662857142857
3000	0.630476190476
3500	0.617142857143
4000	0.609523809524
4500	0.632380952381
5000	0.68
5500	0.628571428571
6000	0.622857142857
6500	0.641904761905
7000	0.672380952381
7500	0.628571428571
8000	0.615238095238
8500	0.584761904762
9000	0.657142857143
9500	0.685714285714
10000	0.685714285714
10500	0.700952380952
11000	0.674285714286
11500	0.64380952381
12000	0.706666666667
12500	0.685714285714
13000	0.645714285714
13500	0.662857142857
14000	0.668571428571
14500	0.67619047619
15000	0.687619047619
15500	0.687619047619
