1	0.499428571429
101	0.614857142857
201	0.522285714286
301	0.532571428571
401	0.517714285714
500	0.561142857143
1000	0.574857142857
1500	0.578285714286
2000	0.603428571429
2500	0.598857142857
3000	0.608
3500	0.620571428571
4000	0.626285714286
4500	0.616
5000	0.626285714286
5500	0.636571428571
6000	0.641142857143
6500	0.618285714286
7000	0.621714285714
7500	0.625142857143
8000	0.620571428571
8500	0.625142857143
9000	0.629714285714
9500	0.630857142857
10000	0.634285714286
10500	0.634285714286
11000	0.652571428571
11500	0.626285714286
12000	0.641142857143
12500	0.633142857143
13000	0.643428571429
13500	0.629714285714
14000	0.657142857143
14500	0.641142857143
15000	0.633142857143
15500	0.634285714286
16000	0.643428571429
16500	0.643428571429
17000	0.641142857143
17500	0.649142857143
18000	0.646857142857
18500	0.651428571429
19000	0.656
19500	0.657142857143
