1	-0.0794254850762
2	0.261475958974
3	0.334712655881
4	0.181059024322
5	0.0548129909914
10	0.250960496476
15	0.107848248851
20	0.438121904181
25	0.275197039046
30	0.579540617994
35	0.439564864113
40	0.274298429268
45	0.35642617869
50	0.188135576324
55	0.444628184593
60	0.555857066056
65	0.518616603141
70	0.368669736916
75	0.436739427599
80	0.489774685459
85	0.593477710031
90	0.357592643306
95	0.523126932988
100	0.487156620432
105	0.452421896321
110	0.439210604489
115	0.494457824878
120	0.515765245191
125	0.585407502987
130	0.575635121651
135	0.450253136184
140	0.497300542349
145	0.500514800401
150	0.53817864677
155	0.490500485664
160	0.569344853205
165	0.59323577663
170	0.602515650683
175	0.402488570292
180	0.613929722959
185	0.547588128003
190	0.423709585818
195	0.633154787922
200	0.567564914606
205	0.339629088225
210	0.589096987364
215	0.424063845442
220	0.431079914093
225	0.55007658585
230	0.570321227291
235	0.442926010302
240	0.660519183757
245	0.531845175931
250	0.524163790424
255	0.510563677053
260	0.467257598137
265	0.545479851216
270	0.495347794178
275	0.598074444665
280	0.540744868924
285	0.49330864122
290	0.622820775475
295	0.509094795686
300	0.62683859804
305	0.50583733524
310	0.517225486081
315	0.656484080235
320	0.631184758793
325	0.607164228189
330	0.656440877842
335	0.593062967057
340	0.660009395518
345	0.624643916466
350	0.644421972061
355	0.596285865588
360	0.636775148469
365	0.506632259275
370	0.582201885413
375	0.572256694505
380	0.510943858113
385	0.63120203975
390	0.52868276075
395	0.5178648815
400	0.600459216768
