1	0.410880402352
2	0.586816398458
3	0.326584024573
4	0.257225608727
5	0.139733759985
10	0.0682880531614
15	0.451293373442
20	0.393578520517
25	0.548113497084
30	0.516200578408
35	0.321026297995
40	0.378766299004
45	0.455845176657
50	0.266002290065
55	0.493894227845
60	0.527869289414
65	0.42652251064
70	0.492661971725
75	0.489392720797
80	0.581233523796
85	0.373937866864
90	0.474077537603
95	0.542103104993
100	0.392220523978
105	0.405649600867
110	0.409019444132
115	0.557418288188
120	0.454864401379
125	0.479484375676
130	0.42194555934
135	0.422549113358
140	0.482024332167
145	0.432256273806
150	0.454990141799
155	0.318637230009
160	0.422347928685
165	0.505185717589
170	0.497188626857
175	0.538884150233
180	0.327715688356
185	0.545950761855
190	0.569715701295
195	0.536495082247
200	0.582164002906
205	0.448753416951
210	0.568156520083
215	0.421492893827
220	0.528472843431
225	0.585232069162
230	0.410050515578
235	0.467589331915
240	0.496232999662
245	0.493718191256
250	0.490549532664
255	0.530233209316
260	0.457454654037
265	0.512629550472
270	0.573261581148
275	0.502142799417
280	0.594235083256
285	0.524700630822
290	0.489065795704
295	0.539538000419
300	0.616038472139
305	0.561995239487
310	0.475284645638
315	0.574971650864
320	0.514264175936
325	0.596624151242
330	0.608242566079
335	0.569237887697
340	0.526938810303
345	0.523568967039
350	0.589029429855
355	0.586011659768
360	0.565993784853
365	0.614051773498
370	0.57990067534
375	0.580127008097
380	0.551005526752
385	0.632887688461
390	0.56795533541
395	0.56300116285
400	0.541952216489
405	0.59667444741
410	0.54152469906
415	0.603715910948
420	0.61158726126
425	0.615309177701
430	0.607965937155
435	0.607890492902
440	0.634547462009
445	0.569112147277
450	0.610204116636
455	0.6020561374
460	0.63411994458
465	0.51373606617
470	0.630146547298
475	0.612542888454
480	0.567930187326
485	0.541901920321
490	0.612668628874
495	0.59722770526
500	0.585005736405
505	0.604093132209
510	0.576405091655
515	0.548867939606
520	0.628713106507
525	0.625167226654
530	0.571274882507
535	0.557946397953
540	0.639074117141
545	0.555859106976
550	0.590563462983
555	0.573437617736
560	0.596925928251
565	0.582516076083
570	0.576078166563
575	0.573990875585
580	0.623306268433
585	0.609751451123
590	0.613926033078
595	0.620137609841
600	0.580101860013
605	0.622124308482
610	0.622300345071
615	0.583521999445
620	0.583521999445
625	0.559078061736
630	0.583220222437
635	0.568860666437
640	0.613070998219
645	0.60929878561
650	0.613221886724
655	0.616692322324
660	0.636307827894
665	0.55012534381
670	0.636911381911
675	0.639828559662
680	0.63505042369
685	0.592198088447
690	0.618477836293
695	0.626122853848
700	0.590890388076
705	0.599038367312
710	0.623733785862
715	0.624035562871
720	0.629844770289
725	0.608116825659
730	0.619483759655
735	0.593530936902
740	0.592826790549
745	0.632208690191
750	0.569942034051
755	0.623381712685
760	0.611486668923
765	0.623507453106
770	0.602207025904
775	0.632535615284
780	0.629366956692
785	0.635075571775
790	0.617321024426
795	0.565566267424
800	0.631806320846
805	0.618704169049
810	0.625292967074
815	0.633239761638
820	0.594788341106
825	0.621822531473
830	0.614102069666
835	0.631454247669
840	0.636081495137
845	0.634522313925
850	0.625066634317
855	0.626047409596
860	0.623934970535
865	0.61827665162
870	0.634849239018
875	0.626399482773
880	0.629719029869
885	0.595794264468
890	0.62848677375
895	0.60620557127
900	0.615233733449
905	0.616315101064
910	0.619433463487
915	0.635528237288
920	0.620087313673
925	0.619181982647
930	0.634396573505
935	0.621420162128
940	0.639954300083
945	0.629442400944
950	0.637565232097
955	0.614680475599
960	0.638596303543
965	0.612794369295
970	0.631051878324
975	0.630825545568
980	0.639250153729
985	0.61654143382
990	0.609047304769
995	0.630121399214
1000	0.619207130731
1005	0.629065179683
1010	0.578894751978
1015	0.6181509112
1020	0.627128777211
1025	0.607513271641
1030	0.635804866212
1035	0.613247034808
1040	0.606859421456
1045	0.636031198969
1050	0.635905458549
1055	0.638445415039
1060	0.630649508979
1065	0.634346277337
1070	0.619659796244
1075	0.621721939137
1080	0.641614073631
1085	0.639199857561
1090	0.633390650142
1095	0.627908367817
1100	0.626902444454
1105	0.616792914661
1110	0.636182087473
1115	0.635980902801
1120	0.636760493407
1125	0.623029639508
1130	0.634019352244
1135	0.635905458549
1140	0.633566686731
1145	0.63238472678
1150	0.611335780419
1155	0.623708637778
1160	0.627405406135
1165	0.632988280797
1170	0.585684734675
1175	0.633893611824
1180	0.623708637778
1185	0.641563777463
1190	0.613674552237
1195	0.617849134191
1200	0.628335885246
1205	0.638219082282
1210	0.624211599459
1215	0.640004596251
1220	0.637841861021
1225	0.631605136174
1230	0.639426190317
1235	0.63411994458
1240	0.635327052615
1245	0.628889143095
1250	0.630599212811
1255	0.63975311541
1260	0.636584456818
1265	0.602005841232
1270	0.636307827894
1275	0.625418707494
1280	0.630599212811
1285	0.638068193778
1290	0.623331416517
1295	0.590337130226
1300	0.640105188587
1305	0.637464639761
1310	0.620288498345
1315	0.619986721337
1320	0.621344717876
1325	0.63585516238
1330	0.634195388832
1335	0.640683594521
1340	0.609575414535
1345	0.6261982981
1350	0.637238307004
1355	0.635000127522
1360	0.635377348783
1365	0.630548916643
1370	0.632007505519
1375	0.625569595999
1380	0.637791564853
1385	0.63640842023
1390	0.639803411578
1395	0.623683489694
1400	0.631932061267
1405	0.618804761386
