1	0.0726626233603
2	0.284401296596
3	0.442451437332
4	0.0893615528401
5	0.0390369298892
10	0.079470854641
15	0.332393966313
20	0.2666704108
25	0.440923605902
30	0.614265462959
35	0.331938297291
40	0.538316158495
45	0.553755297147
50	0.344509401506
55	0.247961176809
60	0.382410342573
65	0.437063821239
70	0.498766767728
75	0.38526497498
80	0.428473119958
85	0.298835282993
90	0.47220394411
95	0.382356734452
100	0.280595120054
105	0.418032938526
110	0.285326036672
115	0.528197625784
120	0.423903027701
125	0.541264605113
130	0.561970741586
135	0.594604684831
140	0.484453399603
145	0.527259483679
150	0.593934583327
155	0.543502744136
160	0.64290560124
165	0.450908118312
170	0.655677735907
175	0.637410768907
180	0.41541954266
185	0.589699541822
190	0.624544820031
195	0.602565490699
200	0.488527616747
205	0.536868739246
210	0.571392368733
215	0.51578734593
220	0.477604962232
225	0.592969637162
230	0.451698838087
235	0.538476982856
240	0.553514060606
245	0.554948077824
250	0.475876100351
255	0.406493790627
260	0.395584538141
265	0.583856256707
270	0.571526389033
275	0.641377769811
280	0.6611993723
285	0.633886034996
290	0.641739624623
295	0.661534423052
300	0.627627286949
305	0.61276443559
310	0.649673626431
315	0.582931516632
320	0.505923451791
325	0.619545862811
330	0.537163583908
335	0.417657681683
340	0.587193362197
345	0.569596496702
350	0.569181033769
355	0.506124482242
360	0.59602530002
365	0.414669028975
370	0.645586007256
375	0.639340661239
380	0.628270584393
385	0.672778726289
390	0.515934768261
395	0.628069553942
400	0.584043885128
405	0.474951360276
410	0.535273897667
415	0.631915936575
420	0.612925259951
425	0.586107797761
430	0.665219981324
435	0.596159320321
440	0.639139630788
445	0.653707637485
450	0.569931547454
455	0.626501516422
460	0.610486090476
465	0.608918052957
470	0.63281387259
475	0.636057163869
480	0.624169563188
485	0.5358233809
490	0.531963596237
495	0.56930165204
500	0.588989234228
505	0.647381879287
510	0.603677859196
515	0.616919064915
520	0.633953045147
525	0.61106237777
530	0.633497376124
535	0.563632593316
540	0.561434660383
545	0.623673688075
550	0.662217926586
555	0.611518046793
560	0.594001593478
565	0.61449329747
570	0.626514918452
575	0.661547825082
580	0.665689052377
585	0.590101602725
590	0.63446232229
595	0.513173950065
600	0.546410984663
605	0.658478760193
610	0.60102425724
615	0.629865425972
620	0.627707699129
625	0.549386235341
630	0.614587111681
635	0.593854171147
640	0.61275103356
645	0.67626325411
650	0.661159166209
655	0.660395250495
660	0.563243934444
665	0.623847914466
670	0.651308674101
675	0.669093168017
680	0.634355106049
685	0.583641824226
690	0.639112826728
695	0.64955300816
700	0.65118805583
705	0.63282727462
710	0.652139599966
715	0.582435641519
720	0.662137514405
725	0.659872571322
730	0.661614835232
735	0.654833408012
740	0.671719965913
745	0.642999415451
750	0.627091205746
755	0.628739655446
760	0.65786226681
765	0.65798288508
770	0.643173641842
775	0.670674607566
780	0.640399421615
785	0.630187074694
790	0.670232340574
795	0.659859169292
800	0.588211916483
805	0.653747843575
810	0.673341611552
815	0.574193393019
820	0.660609682976
825	0.654417945079
830	0.636633451163
835	0.610258255965
840	0.614948966493
845	0.657996287111
850	0.644875699662
855	0.630548929506
860	0.668557086814
865	0.608730424536
870	0.632974696951
875	0.635614896877
880	0.647958166581
885	0.594752107162
890	0.632586038079
895	0.666948843204
900	0.664054004707
905	0.662124112375
910	0.654149904478
915	0.63274686244
920	0.660073601773
925	0.659242675908
930	0.66287462606
935	0.650960221318
940	0.669093168017
945	0.664992146812
950	0.670835431927
955	0.674172537417
960	0.652005579665
965	0.6730065608
970	0.667069461475
975	0.677750879449
980	0.636767471464
985	0.638281900863
990	0.609534546341
995	0.66800760358
1000	0.65960453072
1005	0.635105619734
