1	0.253582599054
2	-0.0771641856382
3	0.0759621607579
4	0.0554866308099
5	0.283358229521
10	0.445937764509
15	0.245928195335
20	0.359404730468
25	0.578205860772
30	0.529294221008
35	0.381143237029
40	0.550803095458
45	0.478545524352
50	0.509239683265
55	0.380492612713
60	0.45164029528
65	0.428447452012
70	0.424849882264
75	0.49029503406
80	0.536068368299
85	0.441613026408
90	0.489720953781
95	0.483176438602
100	0.454510696675
105	0.512110084659
110	0.543416595869
115	0.571316897425
120	0.451257575094
125	0.542230163293
130	0.590797354889
135	0.340153905115
140	0.46281572471
145	0.357567673575
150	0.569441568513
155	0.426763483194
160	0.492935803343
165	0.333762478009
170	0.441727842464
175	0.578626852976
180	0.426763483194
185	0.516052102574
190	0.417004118452
195	0.552754968406
200	0.640857155211
205	0.476478835348
210	0.394653259593
215	0.556926618433
220	0.521486729215
225	0.545866005059
230	0.59022327461
235	0.457993450367
240	0.59757150218
245	0.577516964437
250	0.499480318523
255	0.580655269962
260	0.534307855444
265	0.540584466493
270	0.552487064276
275	0.622256954174
280	0.569403296495
285	0.490716026265
290	0.56764278364
295	0.578320676827
300	0.617664311942
305	0.528796684766
310	0.534767119667
315	0.545789461022
320	0.468020719238
325	0.577325604344
330	0.634006463882
335	0.526002827409
340	0.615865527068
345	0.595466541158
350	0.576981156177
355	0.560179740014
360	0.568293407956
365	0.526385547595
370	0.586472616788
375	0.631021246432
380	0.521448457196
385	0.614334646325
390	0.598222126496
395	0.571546529536
400	0.577899684623
405	0.599102382924
410	0.625586619791
415	0.585209640174
420	0.632322495064
425	0.594701100786
430	0.631289150562
435	0.574876195154
440	0.6019345123
445	0.50636928187
450	0.533197966905
455	0.601551792114
460	0.616018615143
465	0.612765493562
470	0.642426307973
475	0.601743152207
480	0.600939439817
485	0.558878491381
490	0.619348280761
495	0.569097120346
500	0.575603363507
505	0.593744300321
510	0.564466206096
515	0.573115682299
520	0.625854523922
525	0.61555935092
530	0.598336942552
535	0.631748414785
540	0.623405114732
545	0.61689887157
550	0.61529144679
555	0.627691580814
560	0.637221313444
565	0.623366842713
570	0.624208827122
575	0.625203899605
580	0.551798167941
585	0.622563130322
590	0.63924973043
595	0.536910352708
600	0.583831847505
605	0.613071669711
610	0.630944702395
615	0.632896575343
620	0.575220643321
625	0.580846630055
630	0.575718179563
635	0.599867823296
640	0.587544233309
645	0.603044400839
650	0.616324791292
655	0.607254322885
660	0.640665795118
665	0.599064110905
670	0.630638526246
675	0.633164479473
680	0.565346462524
685	0.61827666424
690	0.598222126496
695	0.611579060986
700	0.643689284587
705	0.624974267494
710	0.618353208277
715	0.57388112267
720	0.632743487269
725	0.613684022009
730	0.619118648649
735	0.641660867601
740	0.625242171624
745	0.604766641676
750	0.621376697746
755	0.632207679008
760	0.63680032124
765	0.628801469353
770	0.631518782674
775	0.60710123481
780	0.641737411638
785	0.637718849686
790	0.614334646325
795	0.632513855157
800	0.626505148238
805	0.642043587787
810	0.630485438171
815	0.640206530894
820	0.624055739048
825	0.619156920668
830	0.626964412461
835	0.568752672179
840	0.584903464026
845	0.612995125674
850	0.617970488091
855	0.622027322062
860	0.629184189539
865	0.635652160682
870	0.628380477149
875	0.644607813033
880	0.571584801555
885	0.622563130322
890	0.626926140442
895	0.613722294027
900	0.635613888663
905	0.61827666424
910	0.633164479473
915	0.62861010926
920	0.624897723457
925	0.643765828624
930	0.607866675182
935	0.635996608849
940	0.637948481797
945	0.617970488091
950	0.630676798264
955	0.624055739048
960	0.621835961969
965	0.633853375808
970	0.637450945556
975	0.641622595582
980	0.62562489181
985	0.643191748345
990	0.630561982209
995	0.633968191864
1000	0.636762049221
1005	0.635192896459
1010	0.634121279938
1015	0.624208827122
1020	0.637910209779
1025	0.632858303324
1030	0.62589279594
1035	0.638331201983
1040	0.620113721132
1045	0.641086787322
1050	0.630370622116
1055	0.613071669711
1060	0.638905282262
1065	0.619654456909
1070	0.624285371159
1075	0.61636306331
1080	0.637795393723
1085	0.640474435025
1090	0.640627523099
1095	0.635384256552
1100	0.641546051545
1105	0.641316419434
1110	0.632820031306
1115	0.640129986857
1120	0.634771904254
1125	0.638216385928
1130	0.639747266671
1135	0.621108793616
1140	0.636608961147
1145	0.631633598729
1150	0.639020098318
1155	0.633623743696
1160	0.641354691452
1165	0.642809028159
1170	0.637642305649
1175	0.635345984533
1180	0.641125059341
1185	0.641546051545
1190	0.630829886339
1195	0.618200120203
1200	0.640168258876
1205	0.578205860772
1210	0.640665795118
1215	0.646444869925
1220	0.638867010244
1225	0.62998790193
1230	0.639708994653
1235	0.635996608849
1240	0.645258437349
1245	0.631595326711
1250	0.636111424905
1255	0.63461881618
1260	0.643497924494
1265	0.608555571517
1270	0.63924973043
1275	0.617358135794
1280	0.643995460735
1285	0.646636230018
1290	0.637833665742
1295	0.598757934757
1300	0.637986753816
1305	0.638905282262
1310	0.642655940084
1315	0.613339573841
1320	0.634427456087
1325	0.631710142766
1330	0.617205047719
1335	0.643957188717
1340	0.599714735222
1345	0.639555906578
1350	0.639747266671
1355	0.63243731112
1360	0.64169913962
1365	0.632054590934
1370	0.636341057016
1375	0.639364546485
1380	0.645832517628
1385	0.643574468531
1390	0.638637378132
1395	0.642311491917
1400	0.632896575343
1405	0.640283074932
1410	0.642847300177
1415	0.642349763936
1420	0.636341057016
1425	0.641584323564
1430	0.640512707043
1435	0.645526341479
1440	0.64169913962
1445	0.639555906578
1450	0.638522562076
1455	0.635231168477
1460	0.644225092847
1465	0.641278147415
1470	0.639134914374
1475	0.619539640853
1480	0.628724925316
1485	0.644378180921
1490	0.627347132647
1495	0.642158403843
1500	0.64441645294
1505	0.640474435025
1510	0.619463096816
1515	0.631863230841
1520	0.640283074932
1525	0.641813955675
1530	0.642120131824
1535	0.643536196512
1540	0.644799173126
1545	0.643115204308
1550	0.644378180921
1555	0.633202751492
1560	0.639900354746
1565	0.645947333684
1570	0.640742339155
1575	0.641507779527
1580	0.618582840389
1585	0.640129986857
1590	0.640283074932
1595	0.645411525423
1600	0.617893944054
1605	0.64522016533
