1	0.258086022222
2	0.339258605151
3	0.580859471871
4	0.172489865291
5	0.250418493952
10	0.316182294109
15	0.309473206873
20	0.256906402488
25	0.452207194658
30	0.386885751901
35	0.406496929975
40	0.239801916348
45	0.478748638667
50	0.385042596067
55	0.503225748143
60	0.456925673593
65	0.499908067642
70	0.451986015958
75	0.425665750648
80	0.467099893796
85	0.57820532747
90	0.435176434752
95	0.393521112903
100	0.487448334204
105	0.476094494266
110	0.427582632716
115	0.291041648533
120	0.421905712747
125	0.36447297696
130	0.382388451666
135	0.490471109772
140	0.582112817838
145	0.568842095833
150	0.269071230992
155	0.347073585887
160	0.434365446185
165	0.584914414705
170	0.363514535926
175	0.571127609067
180	0.462086509928
185	0.496885292074
190	0.524385177117
195	0.475136053233
200	0.518634530915
205	0.520551412982
210	0.529103656052
215	0.538982971322
220	0.602240079545
225	0.54311164039
230	0.358058794657
235	0.565893046499
240	0.433038373984
245	0.490028752371
250	0.566925213766
255	0.557488255896
260	0.554612932795
265	0.439010198886
270	0.519298067015
275	0.460611985261
280	0.574002932168
285	0.492682896772
290	0.454861339059
295	0.549968180093
300	0.572970764901
305	0.518855709615
310	0.429499514783
315	0.488038144071
320	0.530062097086
325	0.609833881581
330	0.551295252293
335	0.474841148299
340	0.582555175238
345	0.582039091604
350	0.554244301628
355	0.540826127156
360	0.549452096459
365	0.563460080798
370	0.492019360672
375	0.542595556757
380	0.535075480954
385	0.445129476255
390	0.565303236632
395	0.561690651197
400	0.548862286592
405	0.491282098338
410	0.529988370852
415	0.55033681126
420	0.418219401079
425	0.490839740938
430	0.581596734204
435	0.505879892544
440	0.599217303977
445	0.570611525434
450	0.570906430367
455	0.581006924337
460	0.566851487532
465	0.538024530289
470	0.512294074846
475	0.609612702881
480	0.583882247438
485	0.612782930915
490	0.58786346404
495	0.575772361769
500	0.584840688472
505	0.593835288942
510	0.537213541722
515	0.352824232089
520	0.536328826921
525	0.57842650617
530	0.552474872027
535	0.567146392466
540	0.563312628331
545	0.606368748613
550	0.587126201706
555	0.60607384368
560	0.499170805308
565	0.506912059811
570	0.561027115097
575	0.583734794972
580	0.582997532638
585	0.590075251041
590	0.569947989333
595	0.581596734204
600	0.592508216741
605	0.527481678918
610	0.588158368973
615	0.606221296146
620	0.520256508049
625	0.565819320265
630	0.600839281111
635	0.557267077195
640	0.562427913531
645	0.611529584948
650	0.579237494737
655	0.524090272184
660	0.593024300375
665	0.533306051354
670	0.585504224572
675	0.582260270304
680	0.601945174611
685	0.603198520579
690	0.585430498339
695	0.58719992794
700	0.599438482677
705	0.585872855739
710	0.572528407501
715	0.565598141565
720	0.542595556757
725	0.603198520579
730	0.528661298652
735	0.596489433343
740	0.604967950179
745	0.594646277509
750	0.59752160061
755	0.59663688581
760	0.606147569913
765	0.611455858715
770	0.581523007971
775	0.607695820814
780	0.601723995911
785	0.575772361769
790	0.58041711447
795	0.596931790743
800	0.597005516976
805	0.573929205935
810	0.61705905245
815	0.591107418308
820	0.602756163178
825	0.598996125277
830	0.608211904447
835	0.601650269678
840	0.598922399044
845	0.599217303977
850	0.604304414079
855	0.570685251667
860	0.612119394815
865	0.609981334048
870	0.60585266498
875	0.565524415332
880	0.606368748613
885	0.589116810007
890	0.562280461064
895	0.597152969443
900	0.597152969443
905	0.604525592779
910	0.609760155348
915	0.588674452607
920	0.580343388237
925	0.603198520579
930	0.585872855739
935	0.609170345481
940	0.598258862943
945	0.595383539842
950	0.561469472497
955	0.600691828644
960	0.594425098809
965	0.58874817884
970	0.599291030211
975	0.61639551635
980	0.599143577744
985	0.594056467642
990	0.598701220344
995	0.605410307579
1000	0.582776353938
1005	0.607916999514
1010	0.604525592779
1015	0.588232095207
1020	0.590148977274
1025	0.60850680938
1030	0.614331181816
1035	0.600839281111
1040	0.59707924321
1045	0.60806445198
1050	0.602092627078
1055	0.584472057305
1060	0.595604718543
1065	0.555571373828
1070	0.607990725747
1075	0.602977341879
1080	0.602387532012
1085	0.590370155974
1090	0.545986963491
1095	0.601871448378
1100	0.600544376178
1105	0.596931790743
1110	0.605484033813
1115	0.60784327328
1120	0.604230687846
1125	0.607253463413
1130	0.614036276882
1135	0.594425098809
1140	0.606147569913
1145	0.581375555504
1150	0.594720003742
1155	0.590591334674
1160	0.600544376178
1165	0.613888824416
1170	0.592065859341
1175	0.591770954408
1180	0.598111410477
1185	0.604599319012
1190	0.609981334048
1195	0.608949166781
1200	0.60850680938
1205	0.607106010947
1210	0.596341980876
1215	0.60607384368
1220	0.603124794345
1225	0.608580535614
1230	0.604599319012
1235	0.609833881581
1240	0.601945174611
1245	0.605484033813
1250	0.603788330445
1255	0.606221296146
1260	0.607253463413
1265	0.607253463413
1270	0.610718596381
1275	0.607695820814
1280	0.611898216115
1285	0.600986733578
1290	0.611160953781
1295	0.612488025982
1300	0.610571143915
1305	0.612193121048
1310	0.605705212513
1315	0.60784327328
1320	0.597005516976
1325	0.611382132482
1330	0.599733387611
1335	0.611455858715
1340	0.60806445198
1345	0.611382132482
1350	0.611087227548
1355	0.59884867281
1360	0.609686429114
1365	0.607106010947
1370	0.609538976648
1375	0.610202512748
1380	0.612856657149
1385	0.607548368347
1390	0.603124794345
1395	0.614478634283
1400	0.60806445198
1405	0.603714604212
1410	0.58919053624
1415	0.593540384008
1420	0.607253463413
1425	0.612193121048
1430	0.615215896616
1435	0.611750763648
1440	0.610055060281
1445	0.612561752215
1450	0.59906985151
1455	0.612635478449
1460	0.597226695676
1465	0.609760155348
1470	0.613372740782
1475	0.608211904447
1480	0.606442474846
1485	0.60784327328
1490	0.609686429114
1495	0.612193121048
1500	0.601871448378
1505	0.604230687846
1510	0.592065859341
1515	0.607474642113
1520	0.605189128879
1525	0.603935782912
1530	0.614478634283
1535	0.59663688581
1540	0.609244071714
1545	0.609465250414
1550	0.592434490508
1555	0.604967950179
1560	0.608727988081
1565	0.612709204682
1570	0.603051068112
1575	0.598258862943
1580	0.607695820814
1585	0.603788330445
1590	0.601207912278
1595	0.607032284713
1600	0.607253463413
1605	0.613962550649
1610	0.612856657149
1615	0.614257455583
1620	0.60806445198
1625	0.608359356914
1630	0.609317797947
1635	0.611382132482
1640	0.598480041644
1645	0.583366163805
1650	0.605336581346
1655	0.600470649944
1660	0.608580535614
1665	0.609170345481
1670	0.60629502238
1675	0.607548368347
1680	0.611234680015
1685	0.609538976648
1690	0.605778938746
1695	0.603640877979
1700	0.601723995911
1705	0.607548368347
1710	0.599217303977
1715	0.612414299749
1720	0.604009509146
1725	0.603935782912
1730	0.60806445198
1735	0.614552360516
1740	0.606663653546
1745	0.609022893014
1750	0.603788330445
1755	0.609096619247
1760	0.607695820814
1765	0.608949166781
1770	0.611308406248
1775	0.611087227548
1780	0.609317797947
1785	0.605631486279
1790	0.604820497713
1795	0.601723995911
1800	0.606884832247
1805	0.606147569913
