1	0.0768244037212
2	-0.0981440752096
3	-0.0449545843954
4	0.259987168953
5	0.116552404411
10	-0.200398882583
15	0.12571981048
20	0.264613349438
25	0.409816720542
30	0.355708172169
35	0.421656344387
40	0.215208213277
45	0.286346357591
50	0.485882249079
55	0.36191760307
60	0.417037887075
65	0.315632628706
70	0.333226016258
75	0.421378310168
80	0.435480823632
85	0.315671244569
90	0.375201460222
95	0.517014358484
100	0.590531240008
105	0.440246021226
110	0.33555069126
115	0.548648474118
120	0.414272991226
125	0.549181373039
130	0.404263759326
135	0.505530000586
140	0.499212445266
145	0.60300416402
150	0.483410833795
155	0.550046368388
160	0.408287532335
165	0.450625965419
170	0.397204779421
175	0.519902825097
180	0.455514733777
185	0.568860017237
190	0.619578092768
195	0.577085196229
200	0.508264003744
