1	0.0836865512916
2	-0.12038765065
3	0.561694883013
4	-0.0496568926875
5	0.0860377926302
10	-0.0024482240006
15	0.0548814259215
20	0.358984981601
25	0.17415612543
30	0.138558525082
35	0.514070151044
40	0.331766702237
45	0.414785840858
50	0.298588074459
55	0.325903112726
60	0.572773777386
65	0.449512611081
70	0.442720136103
75	0.363184317983
80	0.384355165921
85	0.397717570401
90	0.572251279311
95	0.580620924405
100	0.346367620673
105	0.640021214848
110	0.309183174318
115	0.530915876025
120	0.337214228466
125	0.514399131314
130	0.521423827659
135	0.523446088728
140	0.444868183746
145	0.388960889695
150	0.403668242924
155	0.528051812502
160	0.384645442629
165	0.4713994749
170	0.574805714346
175	0.539885426317
180	0.464345750884
185	0.572377065885
190	0.374882469335
195	0.449319093276
200	0.499953027122
205	0.602323946308
210	0.553334913809
215	0.539904778098
220	0.537127797587
225	0.561356226853
230	0.555144305292
235	0.453982872392
240	0.537814785797
245	0.488351634674
250	0.571332069734
255	0.547035909236
260	0.502391351474
265	0.606532958581
270	0.519014530978
275	0.531835085602
280	0.573344654913
285	0.502884821878
290	0.552386676562
295	0.573557524499
300	0.501810798057
305	0.543591292295
310	0.647587761048
315	0.493044441461
320	0.586639328161
325	0.508612948925
330	0.636189562296
335	0.540436952063
340	0.525613488151
345	0.546532762941
350	0.650277658547
355	0.645401009845
360	0.547655166214
365	0.536460161157
370	0.582014252606
375	0.58592331228
380	0.605671804346
385	0.606436199678
390	0.530441757402
395	0.42203308268
400	0.462681497755
405	0.566639262947
410	0.596402301455
415	0.600301685239
420	0.568651848126
425	0.628729450888
430	0.629648660465
435	0.567974535806
440	0.641995096465
445	0.615579915995
450	0.57154493932
455	0.540098295903
460	0.644075412876
465	0.634428550264
470	0.613799552183
475	0.580127454001
480	0.652309595506
485	0.618869718691
490	0.60718124323
495	0.614873576004
500	0.629745419368
505	0.640669499497
510	0.630577545932
515	0.62021466744
520	0.654051255757
525	0.533489662841
530	0.650567935255
535	0.560049981665
540	0.636934605848
545	0.624723632311
550	0.639150384722
555	0.550886913568
560	0.640863017302
565	0.618560090202
570	0.630742036067
575	0.617795694869
580	0.621337070713
585	0.610529101267
590	0.62980347471
595	0.641433894829
600	0.569745223728
