1	0.418609225819
2	0.37361861084
3	0.599188179119
4	0.589565521521
5	0.531253288643
10	0.613179898523
15	0.617991227321
20	0.619693285142
25	0.615203605065
30	0.599898486713
35	0.617682980629
40	0.618741741006
45	0.616878858825
50	0.626836567174
55	0.624987087023
60	0.623057194692
65	0.618326278073
70	0.623472657624
75	0.621247920631
80	0.617401537998
85	0.629181922438
90	0.623285029203
95	0.626662340783
100	0.618781947096
105	0.626595330633
110	0.625549972287
115	0.632130369056
120	0.629168520408
125	0.62449121191
130	0.624799458602
135	0.628645841235
140	0.62781491537
145	0.63444892026
150	0.636338606501
155	0.629758209732
160	0.629878828002
165	0.631259237101
170	0.634958197403
175	0.626782959054
180	0.62778811131
185	0.628029347851
190	0.623566471835
195	0.639287053119
200	0.633470572064
205	0.637316954697
210	0.523078050294
215	0.639943752593
220	0.638952002367
225	0.6362045862
230	0.62942315898
235	0.641846840864
240	0.638884992216
245	0.641082925149
250	0.639340661239
255	0.641739624623
260	0.643522094624
265	0.646671571693
270	0.642717972819
275	0.642141685526
280	0.631366453341
285	0.636807677554
290	0.642945807331
295	0.647301467107
300	0.647489095528
305	0.648896308686
310	0.636633451163
315	0.638161282592
320	0.642382922067
325	0.640694266277
330	0.64278498297
335	0.642543746428
340	0.640640658157
345	0.646081882369
350	0.646818994024
355	0.646376727031
360	0.636673657253
365	0.647462291468
370	0.64791796049
375	0.649807646732
380	0.643602506804
385	0.645760233647
390	0.645143740264
395	0.64957981222
400	0.645787037708
405	0.63786643793
410	0.646805591994
415	0.648400433573
420	0.641793232744
425	0.64793136252
430	0.647140642746
435	0.642208695676
440	0.650531356356
445	0.648387031543
450	0.647314869137
455	0.651389086281
460	0.647194250866
465	0.644956111843
470	0.642449932218
475	0.649673626431
480	0.650665376657
485	0.653426194853
490	0.651951971544
495	0.646510747332
500	0.64947259598
505	0.646510747332
510	0.646979818385
515	0.641887046954
520	0.651670528913
525	0.646363325001
530	0.650129295454
535	0.651563312672
540	0.652715887259
545	0.646095284399
550	0.648413835603
555	0.651389086281
560	0.645840645828
565	0.649767440641
570	0.648400433573
575	0.645277760564
580	0.653801451695
585	0.647958166581
590	0.650732386807
595	0.653667431395
600	0.654082894327
605	0.652970525831
610	0.650209707634
615	0.65290351568
620	0.650866407108
625	0.650598366506
630	0.652045785755
635	0.650973623349
640	0.652005579665
645	0.650035481243
650	0.649392183799
655	0.651482900492
660	0.654082894327
665	0.650544758386
670	0.646725179813
675	0.649405585829
680	0.653238566432
685	0.649794244702
690	0.651603518762
695	0.653868461846
700	0.651322076131
705	0.645344770715
710	0.647716930039
715	0.651616920792
720	0.651724137033
725	0.65128187004
730	0.651750941093
735	0.652367434477
740	0.650477748236
745	0.651710735003
750	0.651670528913
755	0.651737539063
760	0.652005579665
765	0.653372586733
770	0.652380836507
775	0.652032383725
780	0.653520009064
785	0.653479802974
790	0.65116125177
795	0.650651974627
800	0.651764343123
805	0.65118805583
810	0.651724137033
815	0.651804549214
820	0.651469498462
825	0.649633420341
830	0.652514856808
835	0.652233414176
840	0.652313826357
845	0.651925167484
850	0.645371574775
855	0.650625170566
860	0.650102491393
865	0.651590116732
870	0.65129527207
875	0.651764343123
880	0.653010731921
885	0.650933417258
890	0.651630322822
895	0.650383934025
900	0.653613823274
905	0.652461248687
910	0.648963318837
915	0.654283924778
920	0.654123100417
925	0.651670528913
930	0.651322076131
935	0.65455196538
940	0.652340630417
945	0.647301467107
950	0.650866407108
955	0.652153001996
960	0.653359184703
965	0.651429292371
970	0.649834450792
975	0.651817951244
980	0.649445791919
985	0.650558160416
990	0.649687028461
995	0.649231359438
1000	0.652005579665
1005	0.650089089363
