1	0.524675745864
2	0.558039852197
3	0.578676169818
4	0.493018460711
5	0.586600145072
10	0.600254714516
15	0.615731952732
20	0.607962440933
25	0.603413492176
30	0.602023321079
35	0.605081697493
40	0.603946391097
45	0.606618608872
50	0.605460132958
55	0.61905291702
60	0.605058527974
65	0.616797750573
70	0.601976982042
75	0.613708481468
80	0.614426736535
85	0.60980055605
90	0.608055119006
95	0.614681601236
100	0.605552811031
105	0.479997191434
110	0.615739675905
115	0.61882894501
120	0.611978490769
125	0.611221619839
130	0.622489728899
135	0.614851511037
140	0.619508584213
145	0.615693336868
150	0.621941383633
155	0.60691981261
160	0.615816907632
165	0.615075483047
170	0.631981508224
175	0.616735965191
180	0.62883817691
185	0.627169971593
190	0.624157934216
195	0.61958581594
200	0.623285215694
