1	0.529026101281
2	0.43791459272
3	0.554073593007
4	0.340289730387
5	0.562271868412
10	0.567628410317
15	0.526385552454
20	0.576103314647
25	0.573663950493
30	0.585081180657
35	0.565767452097
40	0.568961258773
45	0.577561903522
50	0.585911067431
55	0.587118175466
60	0.587570840979
65	0.57494650278
70	0.582415483746
75	0.579825231088
80	0.582516076083
85	0.581761633561
90	0.58447762664
95	0.600723288944
100	0.582541224167
105	0.582465779915
110	0.596020597225
115	0.586766102289
120	0.58125867188
125	0.582943593512
130	0.593027975221
135	0.588048654577
140	0.59506497003
145	0.584628515144
150	0.579297121323
155	0.5813844123
160	0.588023506493
165	0.59104127658
170	0.588400727754
175	0.590965832328
180	0.59493922961
185	0.594084194752
190	0.591192165085
195	0.590085649386
200	0.597101964839
205	0.591770571018
210	0.601050214037
215	0.59667444741
220	0.595115266198
225	0.598887478808
230	0.593002827137
235	0.59184601527
240	0.59104127658
245	0.597051668671
250	0.588048654577
255	0.602533950997
260	0.599164107732
265	0.59506497003
270	0.590462870647
275	0.599340144321
280	0.597278001428
285	0.59803244395
290	0.603187801183
295	0.594109342836
300	0.597554630352
305	0.601351991046
310	0.596347522317
315	0.600874177449
320	0.591770571018
325	0.595115266198
330	0.600270623431
335	0.60230761824
340	0.599541328993
345	0.602810579922
350	0.603137505014
355	0.595718820216
360	0.59989340217
365	0.60298661651
370	0.606281015522
375	0.601804656559
380	0.603212949267
385	0.602936320342
390	0.599214403901
395	0.596749891662
400	0.600999917869
405	0.604822426647
410	0.604822426647
415	0.603816503284
420	0.598862330724
425	0.59828392479
430	0.594964377694
435	0.608846120097
440	0.605878646177
445	0.606658236783
450	0.599390440489
455	0.602232173988
460	0.606683384867
465	0.606633088699
470	0.604621241974
475	0.605300240244
480	0.603036912678
485	0.60756356781
490	0.606934865708
495	0.607639012062
500	0.603238097351
505	0.609474822198
510	0.607060606128
515	0.602936320342
520	0.609223341358
525	0.605350536412
530	0.608519195004
535	0.605727757673
540	0.605099055571
545	0.60675882912
550	0.60929878561
555	0.608468898836
560	0.609399377946
565	0.604847574731
570	0.608267714163
575	0.600245475347
580	0.610204116636
585	0.606281015522
590	0.609022156685
595	0.607865344818
600	0.605576869169
605	0.60620557127
610	0.609575414535
615	0.609147897106
620	0.609600562619
625	0.609047304769
630	0.608820972013
635	0.609198193274
640	0.60781504865
645	0.606306163606
650	0.607538419725
655	0.606934865708
660	0.609374229862
665	0.610807670654
670	0.611612409344
675	0.607286938885
680	0.60633131169
685	0.607639012062
690	0.606255867438
695	0.608896416265
700	0.609600562619
705	0.606909717624
710	0.612920109715
715	0.610380153225
720	0.605476276832
725	0.611386076587
730	0.609323933694
735	0.607739604398
740	0.607186346549
745	0.610757374486
750	0.608695231592
755	0.609399377946
760	0.609449674114
765	0.608997008601
770	0.608594639256
775	0.609676006871
780	0.608644935424
785	0.612744073127
790	0.604218872629
795	0.60929878561
800	0.6083683065
805	0.61090826299
810	0.609701154955
815	0.611612409344
820	0.607739604398
825	0.609525118366
830	0.61090826299
835	0.606457052111
840	0.609776599207
845	0.609952635796
850	0.610857966822
855	0.610531041729
860	0.605425980664
865	0.609474822198
870	0.610405301309
875	0.610002931964
880	0.610505893645
885	0.611159743831
890	0.608921564349
895	0.610204116636
900	0.610732226402
905	0.609273637526
910	0.609927487711
915	0.607991085239
920	0.609349081778
925	0.6118387421
930	0.609273637526
935	0.612014778689
940	0.611235188083
945	0.61103400341
950	0.60620557127
955	0.611813594016
960	0.610807670654
965	0.610556189813
970	0.612894961631
975	0.608544343088
980	0.611260336167
985	0.611335780419
990	0.609323933694
995	0.610581337897
1000	0.609852043459
1005	0.60861978734
1010	0.608468898836
1015	0.610405301309
1020	0.611310632335
1025	0.608997008601
1030	0.611486668923
1035	0.611536965092
1040	0.611964482521
1045	0.61078252257
1050	0.609248489442
1055	0.609927487711
1060	0.609399377946
1065	0.611285484251
1070	0.610883114906
1075	0.608217417995
1080	0.610732226402
1085	0.612316555697
1090	0.610531041729
1095	0.606985161876
1100	0.609273637526
1105	0.60929878561
1110	0.609323933694
1115	0.610933411074
1120	0.610958559158
1125	0.610757374486
1130	0.610128672384
1135	0.61171300168
1140	0.611939334437
1145	0.610153820468
1150	0.610606485981
1155	0.610430449393
1160	0.611360928503
1165	0.611536965092
1170	0.611486668923
1175	0.609072452853
1180	0.610656782149
1185	0.610581337897
1190	0.611235188083
1195	0.6083683065
1200	0.607991085239
1205	0.610757374486
1210	0.611461520839
1215	0.611536965092
1220	0.612039926773
1225	0.610153820468
1230	0.61158726126
1235	0.612568036538
1240	0.610757374486
1245	0.612542888454
1250	0.610380153225
1255	0.612593184622
1260	0.612568036538
1265	0.612190815277
1270	0.609499970282
1275	0.609726303039
1280	0.609902339627
1285	0.612266259529
1290	0.610405301309
1295	0.610832818738
1300	0.612542888454
1305	0.609751451123
1310	0.610002931964
1315	0.612039926773
1320	0.61022926472
1325	0.610128672384
1330	0.611159743831
1335	0.610631634065
1340	0.611486668923
1345	0.611109447662
1350	0.6101035243
1355	0.609600562619
1360	0.611109447662
1365	0.610505893645
1370	0.610204116636
1375	0.607613863978
1380	0.609097600937
1385	0.613070998219
1390	0.611788445932
1395	0.61078252257
1400	0.612215963361
1405	0.609751451123
