1	0.504131294566
2	0.449181236665
3	0.489649993417
4	0.477963527042
5	0.595391665544
10	0.610030739624
15	0.604936927858
20	0.599212024369
25	0.593182844513
30	0.614290608756
35	0.599200754874
40	0.558608033676
45	0.611777511358
50	0.588956783866
55	0.607945883039
60	0.615271054826
65	0.616352926352
70	0.611405618021
75	0.615507714222
80	0.609940583664
85	0.619373151027
90	0.614380764717
95	0.617344641917
100	0.618313818492
105	0.616837514639
110	0.620793107405
115	0.622584957119
120	0.618370165967
125	0.624095069456
130	0.612014170755
135	0.623058275911
140	0.613558091577
145	0.623362552278
150	0.615631678668
155	0.619553462948
160	0.627182911102
165	0.618449052433
170	0.621615780544
175	0.624568388249
180	0.62778019434
185	0.62178482297
190	0.623937296526
195	0.625695337755
200	0.618854754255
205	0.625086785022
210	0.627633690905
215	0.620545178513
220	0.635837883307
225	0.628107009697
230	0.636412627555
235	0.619418229007
240	0.630518681639
245	0.623576672684
250	0.621029766801
255	0.622348297723
260	0.623170970862
265	0.628388747073
270	0.626123578567
275	0.63268242469
280	0.631217390333
285	0.628084470707
290	0.622697652069
295	0.624557118754
300	0.630067901837
305	0.630225674768
310	0.627859080806
315	0.631578014175
320	0.615642948163
325	0.632919084087
330	0.632704963681
335	0.63542091199
340	0.624466962793
345	0.629357923648
350	0.624466962793
355	0.627385762013
360	0.629177611728
365	0.630834227501
370	0.630777880026
375	0.631386432759
380	0.628354938588
385	0.631251198818
390	0.630575029115
395	0.628535250509
400	0.63252465176
405	0.625661529269
410	0.628591597985
415	0.632840197621
420	0.630079171332
425	0.625064246031
430	0.626968790696
435	0.632355609334
440	0.632096410947
445	0.630315830728
450	0.630124249312
455	0.636705634426
460	0.636671825941
465	0.631780865086
470	0.634429196424
475	0.632254183878
480	0.631645631145
485	0.627768924845
490	0.632975431562
495	0.635680110376
500	0.632930353582
505	0.638193207774
510	0.634079842078
515	0.634699664306
520	0.635353295019
525	0.631780865086
530	0.63355017581
535	0.635003940672
540	0.634327770969
545	0.633978416622
550	0.632975431562
555	0.637674811001
560	0.635499798455
565	0.635353295019
570	0.633099396008
575	0.631532936195
580	0.635680110376
585	0.637190222714
590	0.63063137659
595	0.639207462329
600	0.635826613812
605	0.630236944263
610	0.634474274405
615	0.631792134581
620	0.633922069147
625	0.636536592
630	0.631330085284
635	0.63063137659
640	0.637111336248
645	0.636807059882
650	0.632795119641
655	0.63655913099
660	0.628433825054
665	0.634767281276
670	0.634113650563
675	0.634023494602
680	0.636795790387
685	0.634767281276
690	0.638238285754
695	0.634913784712
700	0.633460019849
705	0.638125590803
710	0.636570400485
715	0.635646301891
720	0.634339040464
725	0.636266124119
730	0.63842986717
735	0.636750712406
740	0.637967817873
745	0.638610179091
750	0.630327100223
755	0.636311202099
760	0.633223360453
765	0.630462334164
770	0.639568086171
775	0.634767281276
780	0.637032449783
785	0.636964832812
790	0.637607194031
795	0.637156414228
800	0.634361579454
