1	0.30040488017
2	0.408487538275
3	0.420799819247
4	0.529840918386
5	0.461717878761
10	0.539204150022
15	0.513547420813
20	0.544291260124
25	0.538171982755
30	0.527481678918
35	0.535149207188
40	0.539941412356
45	0.540752400923
50	0.542374378057
55	0.529029929819
60	0.530799359419
65	0.548714834126
70	0.549599548926
75	0.532937420187
80	0.544291260124
85	0.544438712591
90	0.544070081424
95	0.540236317289
100	0.543701450257
105	0.547608940625
110	0.545470879858
115	0.549304643993
120	0.553801944228
125	0.545323427391
130	0.55011563256
135	0.484425558636
140	0.547682666859
145	0.556013731228
150	0.554834111495
155	0.547682666859
160	0.553212134361
165	0.548493655426
170	0.559405137963
175	0.546134415958
180	0.559110233029
185	0.550852894893
190	0.557635708362
195	0.559478864196
200	0.558815328096
205	0.555350195128
210	0.545175974924
215	0.554023122928
220	0.554096849161
225	0.563902438198
230	0.562796544697
235	0.557340803429
240	0.560805936397
245	0.559626316663
250	0.558299244462
255	0.552474872027
260	0.576435897869
265	0.562501639764
270	0.553064681894
275	0.568104833499
280	0.566114225199
285	0.563165175864
290	0.568326012199
295	0.561838103664
300	0.563902438198
305	0.566777761299
310	0.565155784165
315	0.561690651197
320	0.565008331698
325	0.553949396694
330	0.569063274533
335	0.562796544697
340	0.566409130132
345	0.568252285966
350	0.565376962865
355	0.5700954418
360	0.570021715567
365	0.573265669835
370	0.5707589779
375	0.563976164431
380	0.564787152998
385	0.568694643366
390	0.575256278135
395	0.565008331698
400	0.573044491134
405	0.568547190899
410	0.563976164431
415	0.567515023632
420	0.565524415332
425	0.572380955034
430	0.5698742631
435	0.572307228801
440	0.563976164431
445	0.558078065762
450	0.5696530844
455	0.571791145167
460	0.569358179466
465	0.566630308832
470	0.555792552528
475	0.569210727
480	0.5689895483
485	0.563091449631
490	0.570169168033
495	0.564787152998
500	0.569284453233
505	0.570611525434
510	0.567588749866
515	0.572454681268
520	0.567293844932
525	0.569505631933
530	0.572307228801
535	0.568620917133
540	0.566851487532
545	0.569505631933
550	0.5709801566
555	0.571864871401
560	0.5709801566
565	0.566335403899
570	0.564639700531
575	0.5700954418
580	0.568399738433
585	0.567957381033
590	0.565671867798
595	0.574150384635
600	0.572675859968
605	0.568842095833
610	0.567883654799
615	0.565819320265
620	0.564565974298
625	0.565155784165
630	0.573413122301
635	0.562133008597
640	0.567662476099
645	0.5694319057
650	0.570021715567
655	0.567072666232
660	0.564934605465
665	0.570685251667
670	0.567736202333
675	0.572749586201
680	0.5689895483
685	0.570464072967
690	0.566335403899
695	0.5703166205
700	0.571864871401
705	0.5700954418
710	0.572086050101
715	0.568694643366
720	0.571053882834
725	0.5705377992
730	0.566704035066
735	0.572086050101
740	0.5709801566
745	0.570906430367
750	0.572012323867
755	0.5698742631
760	0.5698742631
765	0.577689243836
770	0.565524415332
775	0.573044491134
780	0.571053882834
785	0.571791145167
790	0.568915822066
795	0.570464072967
800	0.574076658401
805	0.571643692701
810	0.568842095833
815	0.5700954418
820	0.570906430367
825	0.5700954418
830	0.569063274533
835	0.572749586201
840	0.569505631933
845	0.573781753468
850	0.571127609067
855	0.570685251667
860	0.571053882834
865	0.571348787767
870	0.574445289568
875	0.572602133734
880	0.570390346733
885	0.569726810633
890	0.570242894267
895	0.571496240234
900	0.570464072967
905	0.570021715567
910	0.571348787767
915	0.5703166205
920	0.5707589779
925	0.569137000766
930	0.573118217368
935	0.571791145167
940	0.570464072967
945	0.571053882834
950	0.568252285966
955	0.571643692701
960	0.571717418934
965	0.5696530844
970	0.573560574768
975	0.566925213766
980	0.569284453233
985	0.571938597634
990	0.569358179466
995	0.573265669835
1000	0.5694319057
1005	0.568842095833
1010	0.570685251667
1015	0.5703166205
1020	0.571422514001
1025	0.5694319057
1030	0.568620917133
1035	0.571791145167
1040	0.570906430367
1045	0.570390346733
1050	0.571348787767
1055	0.568842095833
1060	0.570611525434
1065	0.5712013353
1070	0.572380955034
1075	0.572454681268
1080	0.568620917133
1085	0.569063274533
1090	0.571791145167
1095	0.5703166205
1100	0.570242894267
1105	0.573339396068
1110	0.572086050101
1115	0.570832704134
1120	0.569726810633
1125	0.568104833499
1130	0.5712013353
1135	0.571053882834
1140	0.572897038668
1145	0.5709801566
1150	0.573634301001
1155	0.571348787767
1160	0.571348787767
1165	0.572159776334
1170	0.571053882834
1175	0.567957381033
1180	0.569800536867
1185	0.570611525434
1190	0.572897038668
1195	0.5707589779
1200	0.571348787767
1205	0.569063274533
1210	0.571938597634
1215	0.569947989333
1220	0.5712013353
1225	0.569505631933
1230	0.568547190899
1235	0.570464072967
1240	0.570242894267
1245	0.567809928566
1250	0.567957381033
1255	0.5696530844
1260	0.570832704134
1265	0.571643692701
1270	0.570464072967
1275	0.573413122301
1280	0.569137000766
1285	0.569947989333
1290	0.5698742631
1295	0.572454681268
1300	0.5707589779
1305	0.569800536867
1310	0.574150384635
1315	0.571717418934
1320	0.5703166205
1325	0.571348787767
1330	0.5709801566
1335	0.568178559733
1340	0.571422514001
1345	0.570021715567
1350	0.571127609067
1355	0.572602133734
1360	0.571496240234
1365	0.573265669835
1370	0.571127609067
1375	0.571275061534
1380	0.566556582599
1385	0.5700954418
1390	0.569579358167
1395	0.571791145167
1400	0.568620917133
1405	0.572454681268
1410	0.5700954418
1415	0.569358179466
1420	0.567736202333
1425	0.570464072967
1430	0.569358179466
1435	0.568842095833
1440	0.569800536867
1445	0.568473464666
1450	0.574813920735
1455	0.572159776334
1460	0.568326012199
1465	0.572970764901
1470	0.5712013353
1475	0.572675859968
1480	0.572602133734
1485	0.570390346733
1490	0.570242894267
1495	0.573560574768
1500	0.572012323867
1505	0.569800536867
1510	0.573929205935
1515	0.571348787767
1520	0.569505631933
1525	0.569358179466
1530	0.569358179466
1535	0.572307228801
1540	0.569947989333
1545	0.573560574768
1550	0.569726810633
1555	0.5707589779
1560	0.571127609067
1565	0.568915822066
1570	0.5709801566
1575	0.567146392466
1580	0.569579358167
1585	0.570242894267
1590	0.569358179466
1595	0.568178559733
1600	0.568915822066
1605	0.571643692701
1610	0.5705377992
1615	0.569505631933
1620	0.573929205935
1625	0.5696530844
1630	0.573413122301
1635	0.573044491134
1640	0.569947989333
1645	0.567588749866
1650	0.570464072967
1655	0.572528407501
1660	0.568842095833
1665	0.570242894267
1670	0.570611525434
1675	0.569137000766
1680	0.5696530844
1685	0.572970764901
1690	0.568915822066
1695	0.571717418934
1700	0.5689895483
1705	0.572970764901
1710	0.574813920735
1715	0.570832704134
1720	0.568104833499
1725	0.569579358167
1730	0.568473464666
1735	0.569800536867
1740	0.568547190899
1745	0.5709801566
1750	0.568547190899
1755	0.567515023632
1760	0.570685251667
1765	0.571496240234
1770	0.573044491134
1775	0.568547190899
1780	0.571864871401
1785	0.571275061534
1790	0.572675859968
1795	0.568842095833
1800	0.574445289568
1805	0.572086050101
