1	0.467637999052
2	0.458605802664
3	0.554209305113
4	0.575909539656
5	0.537599249043
10	0.51398541357
15	0.583449127319
20	0.573383586429
25	0.571929249722
30	0.574608291024
35	0.591333163149
40	0.589266474145
45	0.580808358036
50	0.570551457053
55	0.580578725924
60	0.576139171767
65	0.582109606668
70	0.58260714291
75	0.588883753959
80	0.582913319059
85	0.575412003414
90	0.583449127319
95	0.584138023654
100	0.581420710334
105	0.584291111728
110	0.591907243428
115	0.587046697067
120	0.593552940228
125	0.591715883335
130	0.568790944197
135	0.581229350241
140	0.58723805716
145	0.602049328356
150	0.603541937081
155	0.591333163149
160	0.593591212247
165	0.601513520096
170	0.594165292525
175	0.592251691596
180	0.590988714982
185	0.595236909046
190	0.600403631556
195	0.599370287054
200	0.599178926961
205	0.603962929286
210	0.589840554424
215	0.599064110905
220	0.606144434345
225	0.585936808528
230	0.600327087519
235	0.602355504505
240	0.609397555926
245	0.594892460879
250	0.600709807705
255	0.609167923814
260	0.595657901251
265	0.593017131968
270	0.601896240281
275	0.593667756284
280	0.596882605846
285	0.600212271463
290	0.604345649472
295	0.602546864598
300	0.60683333068
305	0.603809841211
310	0.604230833416
315	0.603503665062
320	0.598872750813
325	0.603695025155
330	0.59730359805
335	0.60002091137
340	0.601743152207
345	0.593093676005
350	0.603388849007
355	0.602355504505
360	0.609091379777
365	0.608555571517
370	0.611502516949
375	0.608900019684
380	0.610622260521
385	0.603120944877
390	0.604154289379
395	0.610698804558
400	0.603082672858
405	0.548774678473
410	0.604958001769
415	0.606527154531
420	0.600288815501
425	0.608517299498
430	0.610813620614
435	0.6035802091
440	0.607675315089
445	0.600862895779
450	0.611349428874
455	0.60928273987
460	0.605111089843
465	0.608134579312
470	0.606986418755
475	0.608823475647
480	0.607292594903
485	0.608249395368
490	0.608823475647
495	0.607407410959
500	0.607751859126
505	0.609933364186
510	0.608555571517
515	0.613071669711
520	0.608249395368
525	0.610775348595
530	0.607828403164
535	0.60847902748
540	0.606374066457
545	0.611387700893
550	0.611923509153
555	0.611846965116
560	0.611617333004
565	0.614143286232
570	0.606182706364
575	0.606986418755
580	0.612153141265
585	0.613837110083
590	0.612727221544
595	0.614717366511
600	0.610890164651
605	0.613263029804
610	0.613263029804
615	0.611311156856
620	0.61173214906
625	0.609627188038
630	0.612688949525
635	0.611617333004
640	0.610698804558
645	0.614564278436
650	0.615712438994
655	0.614602550455
660	0.611770421079
665	0.611846965116
670	0.612191413283
675	0.612421045395
680	0.614526006418
685	0.613951926139
690	0.611846965116
695	0.615100086697
700	0.618085304147
705	0.6111963408
710	0.612382773376
715	0.602011056337
720	0.612574133469
725	0.614105014213
730	0.611846965116
735	0.613760566046
740	0.612765493562
745	0.614296374306
750	0.614258102287
755	0.616439607347
760	0.614487734399
765	0.616248247254
770	0.615788983031
775	0.614296374306
780	0.614105014213
785	0.609206195833
790	0.616324791292
795	0.613186485767
800	0.614372918343
805	0.613301301823
810	0.615100086697
815	0.61418155825
820	0.616056887161
825	0.611234612819
830	0.619310008742
835	0.61555935092
840	0.610775348595
845	0.613148213748
850	0.617090231663
855	0.605149361862
860	0.615061814678
865	0.613798838064
870	0.613492661916
875	0.615521078901
880	0.615214902752
885	0.616975415608
890	0.617051959645
895	0.61555935092
900	0.613990198157
905	0.613530933934
910	0.614334646325
915	0.614411190362
920	0.612995125674
925	0.61418155825
930	0.615980343124
935	0.615865527068
940	0.615329718808
945	0.616133431199
950	0.613569205953
955	0.614679094492
960	0.615444534864
965	0.616860599552
970	0.615712438994
975	0.616707511477
980	0.61337784586
985	0.61529144679
990	0.614296374306
995	0.615482806882
1000	0.615750711013
1005	0.616171703217
1010	0.615597622938
1015	0.614564278436
1020	0.614717366511
1025	0.614411190362
1030	0.614143286232
1035	0.616133431199
1040	0.615406262845
1045	0.61529144679
1050	0.616477879366
1055	0.615023542659
1060	0.616707511477
1065	0.614602550455
1070	0.616477879366
1075	0.615635894957
1080	0.612344501358
1085	0.615597622938
1090	0.614105014213
1095	0.61636306331
1100	0.615903799087
1105	0.615061814678
1110	0.614793910548
1115	0.613339573841
1120	0.613492661916
1125	0.614985270641
1130	0.61663096744
1135	0.617626039924
1140	0.616477879366
1145	0.613760566046
1150	0.615942071106
1155	0.615750711013
1160	0.615635894957
1165	0.617932216073
1170	0.614832182566
1175	0.617128503682
1180	0.615176630734
1185	0.615788983031
1190	0.618506296351
1195	0.614640822473
1200	0.616516151385
1205	0.618085304147
1210	0.61555935092
1215	0.618774200482
1220	0.616056887161
1225	0.616209975236
1230	0.616784055515
1235	0.614908726604
1240	0.614296374306
1245	0.615635894957
1250	0.616860599552
1255	0.614755638529
1260	0.615674166975
1265	0.615253174771
1270	0.614793910548
1275	0.61555935092
1280	0.614832182566
1285	0.618774200482
1290	0.615635894957
1295	0.615176630734
1300	0.617358135794
1305	0.614143286232
1310	0.614946998622
1315	0.61337784586
1320	0.614564278436
1325	0.614679094492
1330	0.61908037663
1335	0.61609515918
1340	0.616860599552
1345	0.616975415608
1350	0.615253174771
1355	0.614755638529
1360	0.616669239459
1365	0.615865527068
1370	0.617319863775
1375	0.61444946238
1380	0.61663096744
1385	0.61854456837
1390	0.6188124725
1395	0.614564278436
1400	0.614526006418
1405	0.613071669711
1410	0.616171703217
1415	0.615597622938
1420	0.617893944054
1425	0.610775348595
1430	0.616401335329
1435	0.614985270641
1440	0.615903799087
1445	0.616439607347
1450	0.61636306331
1455	0.611808693097
1460	0.615329718808
1465	0.616324791292
1470	0.616669239459
1475	0.615138358715
1480	0.616056887161
1485	0.613990198157
1490	0.615253174771
1495	0.61529144679
1500	0.616248247254
1505	0.615444534864
1510	0.616171703217
1515	0.618697656444
1520	0.616860599552
1525	0.614143286232
1530	0.617817400017
1535	0.615061814678
1540	0.614793910548
1545	0.616860599552
1550	0.61689887157
1555	0.61555935092
1560	0.616860599552
1565	0.614526006418
1570	0.614411190362
1575	0.616745783496
1580	0.614028470176
1585	0.615788983031
1590	0.617396407812
1595	0.615865527068
1600	0.616248247254
1605	0.61529144679
