1	0.43576317099
2	0.513992743922
3	0.529870879875
4	0.461559094483
5	0.585778173926
10	0.5934705067
15	0.599005115941
20	0.602101400832
25	0.585207296399
30	0.606571662142
35	0.598047202803
40	0.617660232405
45	0.607403788706
50	0.595396008866
55	0.600224278117
60	0.616150793521
65	0.612619093568
70	0.603485053142
75	0.606871614741
80	0.603552784374
85	0.611080627014
90	0.60444296628
95	0.610335583462
100	0.619363189095
105	0.611109654684
110	0.615512184763
115	0.611409607283
120	0.615347694628
125	0.618966477594
130	0.618685876775
135	0.618656849105
140	0.615028390249
145	0.603175424653
150	0.614757465321
155	0.61851171075
160	0.615608943666
165	0.621211284139
170	0.616015331057
175	0.614641354637
180	0.622120817826
185	0.616499125572
190	0.606455551459
195	0.624946177788
200	0.615154176822
205	0.62124031181
210	0.619130967728
215	0.619208374851
220	0.62125966359
225	0.623804422735
230	0.625846035584
235	0.619595410462
240	0.620272722782
245	0.627094225431
250	0.622517529327
255	0.621366098384
260	0.622730398913
265	0.624143078895
270	0.622817481926
275	0.628381118838
280	0.622827157816
285	0.61850203486
290	0.627016818308
295	0.623910857528
300	0.630471111139
305	0.626281450647
310	0.620001797854
315	0.622449798095
320	0.625333213399
325	0.628623016095
330	0.621753133995
335	0.62912616239
340	0.614815520662
345	0.61745703871
350	0.623833450405
355	0.628032786788
360	0.62776186186
365	0.626958762967
370	0.629290652525
375	0.627829593092
380	0.630190510321
385	0.62123063592
390	0.624559142177
395	0.628719774998
400	0.626213719415
405	0.623369007672
410	0.629184217732
415	0.624559142177
420	0.629764771148
425	0.634186653007
430	0.624278541358
435	0.62879718212
440	0.6305098147
445	0.627297419127
450	0.624414003822
455	0.630587221822
460	0.631458051948
465	0.633112629186
470	0.633296471101
475	0.635454194634
480	0.621898272349
485	0.631458051948
490	0.629416439098
495	0.628477877741
500	0.626697513929
505	0.631738652766
510	0.631409672496
515	0.632454668647
520	0.629310004305
525	0.635028455462
530	0.632116012487
535	0.629600281014
540	0.627936027885
545	0.62674589338
550	0.628071490349
555	0.634409198484
560	0.633470637127
565	0.633364202333
570	0.635231649158
575	0.632116012487
580	0.632377261525
585	0.624423679713
590	0.633509340688
595	0.630432407578
600	0.632822352478
