1	0.35600376164
2	0.367534808717
3	0.377817662445
4	0.358481488881
5	0.424021458649
10	0.468021172984
15	0.482895332742
20	0.502990473784
25	0.509242212649
30	0.507950154103
35	0.486852201825
40	0.491503106752
45	0.497980329292
50	0.505083414349
55	0.505843199532
60	0.511192729642
65	0.516117385619
70	0.517264487709
75	0.512190667809
80	0.514248659344
85	0.514891231238
90	0.513509728147
95	0.521458196539
100	0.519668613803
105	0.520490418038
110	0.524077098766
115	0.526433052614
120	0.526999018947
125	0.529621156059
130	0.528193049129
135	0.528522482811
140	0.529354495902
145	0.531172459022
150	0.530139831743
155	0.533840071292
160	0.535485101029
165	0.536672959897
170	0.536021275524
175	0.537290351734
180	0.535393967047
185	0.533780459635
190	0.53490589678
195	0.535863965833
200	0.538659872915
205	0.540868512401
210	0.539955278102
215	0.538903902523
220	0.539993503127
225	0.539133243254
230	0.536889131044
235	0.536948448974
240	0.538657026973
245	0.537610293524
250	0.538834931228
255	0.538649948761
260	0.539064094737
265	0.539386111789
270	0.537401648006
275	0.538018283171
280	0.537758350051
285	0.537192517443
290	0.537757453322
295	0.539474784779
300	0.539809558945
305	0.539296532516
310	0.5386531791
315	0.539192870282
320	0.53958465296
325	0.539027582029
330	0.538387075579
335	0.538188669979
340	0.538496652847
345	0.53854383274
350	0.538271152884
355	0.53797356072
360	0.537449650455
365	0.537383234076
370	0.536609325661
375	0.537224556243
380	0.536523781599
385	0.536609760012
390	0.536945364211
395	0.536822168303
400	0.537685541378
405	0.537671213014
410	0.537515431881
415	0.536780707278
420	0.536880069896
425	0.535837016201
430	0.536250169636
435	0.53686471601
440	0.537094576595
445	0.536707028858
450	0.537350996238
455	0.536587383353
460	0.535524844951
465	0.536117700747
470	0.536637470934
475	0.536156990195
480	0.536145095402
485	0.536139040611
490	0.536776896718
495	0.537057197942
500	0.536389190033
505	0.535700191398
510	0.536362198178
515	0.534535840241
520	0.534269233001
525	0.534069706329
530	0.535626507962
535	0.536883246666
540	0.537214407744
545	0.537537574076
550	0.537488731475
555	0.537238152982
560	0.537082039756
565	0.537058554459
570	0.537832220195
575	0.53585381267
580	0.535251851423
585	0.536258102892
590	0.537186997699
595	0.53747692388
600	0.537491825318
605	0.537634909679
610	0.537372872043
615	0.536921250609
620	0.536855810334
625	0.536135485208
630	0.536716774491
635	0.535550968541
640	0.535811113109
645	0.536429612159
650	0.535889039744
655	0.535583696956
660	0.536159008623
665	0.535964907709
670	0.535850131688
675	0.536493681991
680	0.536025998904
685	0.536147441312
690	0.535535586533
695	0.53477883547
700	0.535761130455
705	0.535657453131
710	0.535913921903
715	0.53565370303
720	0.536199247064
725	0.536534883078
730	0.537802993564
735	0.53736250954
740	0.537584080634
745	0.537253734066
750	0.537904827812
755	0.537577009071
760	0.537846075933
765	0.537327141174
770	0.537745463984
775	0.537843139183
780	0.537334676129
785	0.537975568266
790	0.537948002793
795	0.538499043385
800	0.538871039009
805	0.538508893249
810	0.537990628774
815	0.538124259149
820	0.53813966082
825	0.536642824848
830	0.536893207443
835	0.536952319848
840	0.536683975615
845	0.536453535671
850	0.535781425303
855	0.536377251108
860	0.535800652806
865	0.535636774399
870	0.535888606921
875	0.535623895658
880	0.535335064491
885	0.535445981005
890	0.535568184293
895	0.535381248272
900	0.535623408175
905	0.535576049064
910	0.536923807253
915	0.536841632692
920	0.537038992798
925	0.537578993269
930	0.537673888496
935	0.537254661045
940	0.537132046451
945	0.536978353004
950	0.536910255766
955	0.536770542627
960	0.536557985408
965	0.536694670251
970	0.536755244455
975	0.537347801102
980	0.537256061228
985	0.536903614866
990	0.53632847192
995	0.536722273646
1000	0.537065343985
1005	0.535360733394
1010	0.535630844427
1015	0.535313591629
1020	0.535078811249
1025	0.535303354215
1030	0.535196954864
1035	0.535449466579
1040	0.534632502368
1045	0.534911521243
1050	0.535014731207
1055	0.534920910312
1060	0.53518534102
1065	0.535122783466
1070	0.535180534623
1075	0.535342201257
1080	0.535708207977
1085	0.535850326106
1090	0.536197003238
1095	0.536079663776
1100	0.536288659429
1105	0.536855684254
1110	0.536424958591
1115	0.536784814965
1120	0.536839050842
1125	0.536432525508
1130	0.535921293702
1135	0.535098518497
1140	0.535128531646
1145	0.53605282455
1150	0.536366863169
1155	0.536815008153
1160	0.536909474498
1165	0.537206118088
1170	0.537415305683
1175	0.536445097479
1180	0.536036923617
1185	0.53550383312
1190	0.535516011645
1195	0.535757240212
1200	0.53571855685
1205	0.535862678742
1210	0.535612969587
1215	0.535905780782
1220	0.536128957767
1225	0.535517725952
1230	0.535651593226
1235	0.535238669836
1240	0.535200539502
1245	0.535470353006
1250	0.535515632998
1255	0.535290984507
1260	0.535155388499
1265	0.534539481873
1270	0.534538928551
1275	0.53463520376
1280	0.534903592257
1285	0.534402371757
1290	0.534490630051
1295	0.534229540339
1300	0.53414590812
1305	0.5342864948
1310	0.53390113118
1315	0.533729360361
1320	0.533472899778
1325	0.533404690534
1330	0.533691454415
1335	0.533782997645
1340	0.533589892956
1345	0.53384431756
1350	0.534202093954
1355	0.533967092998
1360	0.534074361834
1365	0.534368261106
1370	0.534250298919
1375	0.534098506325
1380	0.53423308377
1385	0.535195679541
1390	0.535643954547
1395	0.535751047037
1400	0.535302029247
1405	0.53523913212
1410	0.535195100524
1415	0.535104960941
1420	0.535722215179
1425	0.535991016852
1430	0.535707976231
1435	0.536604591817
1440	0.53662194011
1445	0.536873479136
1450	0.536873461781
1455	0.536273686915
1460	0.53652523433
1465	0.536609175868
1470	0.536901271012
1475	0.53674330234
1480	0.536832444575
1485	0.536386867705
1490	0.536714786989
1495	0.536372244355
1500	0.536617979644
1505	0.536046030607
1510	0.53600123047
1515	0.536695106772
1520	0.536515616304
1525	0.536566271766
1530	0.53689705006
1535	0.53680757723
1540	0.53667315724
1545	0.536942160146
1550	0.536786608636
1555	0.536965851171
1560	0.536893845858
1565	0.537194492758
1570	0.537149535739
1575	0.537404217112
1580	0.537359359279
1585	0.5370279564
1590	0.537484520505
1595	0.537860313641
1600	0.538052516844
1605	0.537618836586
