1	0.205065807239
2	0.267485556431
3	0.340882043661
4	0.375949044519
5	0.393229207712
10	0.408150267227
15	0.438879836501
20	0.440782448025
25	0.438953118603
30	0.431723102872
35	0.44154525333
40	0.444136728124
45	0.448489881682
50	0.449944352359
55	0.456556752355
60	0.462628016527
65	0.466436599307
70	0.465791312591
75	0.467406246981
80	0.469703546896
85	0.469553899243
90	0.470583471802
95	0.469650291293
100	0.473654257304
105	0.470199345414
110	0.470369974976
115	0.470148027885
120	0.472908719165
125	0.470845563115
130	0.470970612354
135	0.469446540657
140	0.470601758976
145	0.472175415968
150	0.470521265164
155	0.467822568147
160	0.468810648894
165	0.469155835403
170	0.469136085104
175	0.470150804566
180	0.471105128177
185	0.473352126122
190	0.473404826101
195	0.47335945955
200	0.473247170386
205	0.472375400154
210	0.470248665349
215	0.470616267893
220	0.470726317864
225	0.473450923021
230	0.471675113997
235	0.472757206507
240	0.472339732931
245	0.471837285845
250	0.47259873713
255	0.472213379976
260	0.472623790238
265	0.474302551336
270	0.471971614068
275	0.471513947643
280	0.471378660808
285	0.470207305278
290	0.471067581217
295	0.471079660046
300	0.472222443802
305	0.469033788696
310	0.471283043072
315	0.471255105857
320	0.469361361344
325	0.472178959439
330	0.472252453244
335	0.472933451277
340	0.472267052024
345	0.472588461581
350	0.472082076416
355	0.472613110216
360	0.472908488619
365	0.472697784164
370	0.473066549358
375	0.470832350493
380	0.471966719627
385	0.472537650328
390	0.471528003109
395	0.470160575607
400	0.470999128203
405	0.472064002595
410	0.473818839801
415	0.473599779255
420	0.473176179925
425	0.47301729026
430	0.474011893444
435	0.472098098505
440	0.474266279207
445	0.475007209976
450	0.473102212069
455	0.474713490292
460	0.472496723269
465	0.472659996875
470	0.47316737058
475	0.471788544972
480	0.472253214772
485	0.471313622528
490	0.473750248655
495	0.473488180094
500	0.473298157651
505	0.474208829705
510	0.472920784281
515	0.472223981864
520	0.471016398629
525	0.471479055583
530	0.472156335625
535	0.471645657698
540	0.472432664656
545	0.4714350278
550	0.472288108468
555	0.471740696338
560	0.472628091552
565	0.472026151185
570	0.471073553957
575	0.472549158838
580	0.472332415988
585	0.47210767963
590	0.472247521686
595	0.471905291639
600	0.472639518518
605	0.473181655165
610	0.471480196324
615	0.472952746875
620	0.472045805733
625	0.472511947126
630	0.472182523671
635	0.47308860661
640	0.47242961827
645	0.472229387441
650	0.472731201726
655	0.473289663787
660	0.473643132022
665	0.472959977871
670	0.472474592501
675	0.472515783466
680	0.472679654621
685	0.472071248909
690	0.472540406863
695	0.473452059402
700	0.473527350044
705	0.473451233982
710	0.473151066825
715	0.471545464885
720	0.471626839455
725	0.472642479639
730	0.472859550823
735	0.473017267119
740	0.472655587852
745	0.472242347748
750	0.471693602458
755	0.471999974401
760	0.472731787724
765	0.472961470592
770	0.472635177755
775	0.47145775407
780	0.471457529667
785	0.471639524522
790	0.47187923489
795	0.471528426208
800	0.472372770305
805	0.471606653644
810	0.471730622579
815	0.470861890462
820	0.471156080058
825	0.469861715112
830	0.471260833932
835	0.470781422046
840	0.473228898775
845	0.472279825913
850	0.471986133026
855	0.473206539954
860	0.473011844016
865	0.473541490181
870	0.473052712605
875	0.472899062253
880	0.471996597515
885	0.472743640952
890	0.472727363201
895	0.47188701671
900	0.472450549091
905	0.471894002619
910	0.471846818467
915	0.472731001283
920	0.472096681483
925	0.473663876199
930	0.47242968866
935	0.472429490036
940	0.472398259032
945	0.472611489189
950	0.472053860744
955	0.472286601805
960	0.473632429454
965	0.47345037851
970	0.473251809208
975	0.473863661495
980	0.473077894932
985	0.473323984142
990	0.47301573606
995	0.472472008485
1000	0.472194500779
1005	0.471439629046
1010	0.471667475719
1015	0.471179727167
1020	0.471347251178
1025	0.471654198769
1030	0.470928873741
1035	0.472293390621
1040	0.472354532327
1045	0.472539369874
1050	0.472382874598
1055	0.473215633786
1060	0.473305294834
1065	0.473393567982
1070	0.472628943031
1075	0.473725747306
1080	0.473332772757
1085	0.473788865587
1090	0.474699159835
1095	0.474064901052
1100	0.474271981255
1105	0.473758952699
1110	0.473396586606
1115	0.473178889522
1120	0.474256562938
1125	0.474257946135
1130	0.474438751573
1135	0.474294937385
1140	0.474171816881
1145	0.47442087674
1150	0.474763267167
1155	0.474944317648
1160	0.474312685592
1165	0.473914576531
1170	0.473967720144
1175	0.473790954639
1180	0.472848836321
1185	0.473301195118
1190	0.473061951772
1195	0.473060521436
1200	0.472754778225
1205	0.472270192132
1210	0.472395182493
1215	0.472336184481
1220	0.472214898513
1225	0.473270474683
1230	0.473216469402
1235	0.473213691342
1240	0.472573175699
1245	0.472483017224
1250	0.472337145795
1255	0.473305068407
1260	0.472998211179
1265	0.472217791442
1270	0.472513354672
1275	0.471969165066
1280	0.472364682683
1285	0.472692181488
1290	0.472183930383
1295	0.472162108516
1300	0.471854666852
1305	0.473369264053
1310	0.473361884343
1315	0.47405468883
1320	0.473932022353
1325	0.474204281112
1330	0.474166756839
1335	0.473780559588
1340	0.474010067323
1345	0.474191868846
1350	0.474191868846
1355	0.474373419561
1360	0.473067034485
1365	0.472991748555
1370	0.473081604153
1375	0.472989909035
1380	0.472718223152
1385	0.474328343611
1390	0.473420754285
1395	0.474272874813
1400	0.473435394571
1405	0.47398044184
1410	0.474374695898
1415	0.47473426688
1420	0.474588113829
1425	0.474659552099
1430	0.474840887106
1435	0.473970300238
1440	0.47440093437
1445	0.474698327059
1450	0.474733615625
1455	0.474939167028
1460	0.474968081828
1465	0.474751503425
1470	0.474882073541
1475	0.474456024936
1480	0.475031884623
1485	0.474996632791
1490	0.475209891929
1495	0.474822941673
1500	0.474336911827
1505	0.474996896837
1510	0.474726585651
1515	0.474507880769
1520	0.474509298133
1525	0.473964935914
1530	0.474362831784
1535	0.474245085129
1540	0.474881068428
1545	0.474790181911
1550	0.474606089548
1555	0.474303937203
1560	0.474174499306
1565	0.473994365955
1570	0.474027249272
1575	0.474367973148
1580	0.47454985734
1585	0.473845739215
1590	0.474029347534
1595	0.474072983637
1600	0.47357284963
1605	0.473391885075
1610	0.472997595338
1615	0.47357407371
1620	0.473873722271
1625	0.474144365606
1630	0.473899496415
1635	0.473840338411
1640	0.473877277477
1645	0.474058634908
1650	0.473712637254
1655	0.473749770438
1660	0.473960747065
1665	0.47320106418
1670	0.473511072295
1675	0.474096141449
1680	0.474187152391
1685	0.474223357312
1690	0.474496016861
1695	0.474405130345
1700	0.474677789895
1705	0.473473189669
1710	0.473551140892
1715	0.47399007931
1720	0.473990903376
1725	0.473958934155
1730	0.473519800615
1735	0.474811235226
1740	0.474551013059
1745	0.474641774317
1750	0.47410853516
1755	0.473615768341
1760	0.473971212103
1765	0.473819184652
1770	0.473632352357
1775	0.474118055527
1780	0.475089129639
1785	0.47436347843
1790	0.474059132691
1795	0.474603537212
1800	0.474603537212
1805	0.474848627887
