1	0.502857142857
101	0.489523809524
201	0.510476190476
301	0.514285714286
401	0.499047619048
500	0.497142857143
1000	0.495238095238
1500	0.508571428571
2000	0.485714285714
2500	0.51619047619
3000	0.512380952381
3500	0.502857142857
4000	0.502857142857
4500	0.506666666667
5000	0.497142857143
5500	0.508571428571
6000	0.508571428571
6500	0.499047619048
7000	0.512380952381
7500	0.499047619048
8000	0.540952380952
8500	0.504761904762
9000	0.51619047619
9500	0.497142857143
10000	0.514285714286
10500	0.514285714286
11000	0.521904761905
11500	0.510476190476
12000	0.502857142857
12500	0.521904761905
13000	0.506666666667
13500	0.506666666667
14000	0.502857142857
14500	0.525714285714
15000	0.51619047619
15500	0.512380952381
