1	0.458031088083
101	0.455958549223
201	0.653886010363
301	0.359585492228
401	0.541968911917
500	0.570984455959
1000	0.727461139896
1500	0.670466321244
2000	0.713989637306
2500	0.753367875648
3000	0.644559585492
3500	0.736787564767
4000	0.752331606218
4500	0.728497409326
5000	0.707772020725
5500	0.691191709845
6000	0.761658031088
6500	0.759585492228
7000	0.753367875648
7500	0.765803108808
8000	0.754404145078
8500	0.730569948187
9000	0.745077720207
9500	0.758549222798
10000	0.741968911917
10500	0.713989637306
11000	0.703626943005
11500	0.765803108808
12000	0.734715025907
12500	0.756476683938
13000	0.744041450777
13500	0.727461139896
14000	0.777202072539
14500	0.775129533679
15000	0.752331606218
15500	0.654922279793
16000	0.764766839378
16500	0.743005181347
17000	0.724352331606
17500	0.746113989637
18000	0.701554404145
18500	0.766839378238
19000	0.760621761658
19500	0.739896373057
20000	0.766839378238
20500	0.736787564767
21000	0.702590673575
21500	0.772020725389
22000	0.740932642487
22500	0.737823834197
23000	0.756476683938
23500	0.726424870466
24000	0.764766839378
24500	0.779274611399
25000	0.764766839378
25500	0.745077720207
26000	0.776165803109
26500	0.777202072539
27000	0.725388601036
27500	0.776165803109
28000	0.749222797927
28500	0.767875647668
29000	0.764766839378
29500	0.721243523316
30000	0.777202072539
30500	0.781347150259
31000	0.759585492228
31500	0.735751295337
32000	0.772020725389
32500	0.786528497409
33000	0.777202072539
33500	0.746113989637
34000	0.777202072539
34500	0.760621761658
35000	0.723316062176
