1	0.569813809548
101	0.584353914058
201	0.615696819035
301	0.623479275531
401	0.626117396378
500	0.635178326823
1000	0.610796002232
1500	0.622921211506
2000	0.650266348739
2500	0.658444523363
3000	0.656963117041
3500	0.664015016996
4000	0.666480645325
4500	0.660859418599
5000	0.670194307747
5500	0.653411800517
6000	0.67024504084
6500	0.666318299427
7000	0.668185277256
7500	0.671878646441
8000	0.674861752321
8500	0.674790725991
9000	0.671696007306
9500	0.668672314951
10000	0.674212368728
10500	0.671127796662
11000	0.671838059967
11500	0.675460402821
12000	0.674374714626
12500	0.67442544772
13000	0.673065800822
13500	0.659489625082
14000	0.669139059408
14500	0.672994774491
15000	0.673278879813
15500	0.674151489016
16000	0.675216883973
16500	0.674334128152
17000	0.677347673888
17500	0.671726447161
18000	0.671726447161
18500	0.672609202983
19000	0.675551722389
19500	0.672944041398
