1	0.6
101	0.470588235294
201	0.517647058824
301	0.552941176471
401	0.670588235294
500	0.552941176471
1000	0.670588235294
1500	0.717647058824
2000	0.694117647059
2500	0.658823529412
3000	0.658823529412
3500	0.8
4000	0.635294117647
4500	0.682352941176
5000	0.729411764706
5500	0.729411764706
6000	0.670588235294
6500	0.729411764706
7000	0.705882352941
7500	0.647058823529
8000	0.658823529412
8500	0.776470588235
9000	0.705882352941
9500	0.835294117647
10000	0.658823529412
10500	0.752941176471
11000	0.788235294118
11500	0.788235294118
12000	0.717647058824
12500	0.823529411765
13000	0.752941176471
13500	0.811764705882
14000	0.729411764706
14500	0.858823529412
15000	0.776470588235
15500	0.847058823529
16000	0.741176470588
16500	0.788235294118
17000	0.682352941176
17500	0.741176470588
18000	0.776470588235
18500	0.894117647059
19000	0.811764705882
19500	0.847058823529
20000	0.811764705882
20500	0.847058823529
21000	0.858823529412
21500	0.870588235294
22000	0.8
22500	0.835294117647
23000	0.870588235294
23500	0.823529411765
24000	0.858823529412
24500	0.858823529412
25000	0.847058823529
25500	0.835294117647
26000	0.823529411765
26500	0.905882352941
27000	0.811764705882
27500	0.882352941176
28000	0.858823529412
28500	0.823529411765
29000	0.835294117647
29500	0.847058823529
30000	0.847058823529
30500	0.894117647059
31000	0.823529411765
31500	0.870588235294
32000	0.823529411765
32500	0.835294117647
33000	0.847058823529
33500	0.858823529412
34000	0.835294117647
34500	0.847058823529
35000	0.847058823529
