1	0.461788617886
101	0.591869918699
201	0.609756097561
301	0.50325203252
401	0.560975609756
500	0.547967479675
1000	0.569918699187
1500	0.582113821138
2000	0.60162601626
2500	0.614634146341
3000	0.618699186992
3500	0.622764227642
4000	0.594308943089
4500	0.60162601626
5000	0.621138211382
5500	0.615447154472
6000	0.612195121951
6500	0.616260162602
7000	0.608130081301
7500	0.613008130081
8000	0.60081300813
8500	0.616260162602
9000	0.621138211382
9500	0.606504065041
10000	0.615447154472
10500	0.611382113821
11000	0.615447154472
11500	0.618699186992
