1	0.530104977988
51	0.550626481544
101	0.539519133085
151	0.487707416187
201	0.596274974602
251	0.59925499492
301	0.531730443617
351	0.680054182188
401	0.527734507281
451	0.622891974263
500	0.618015577379
1000	0.683372841178
1500	0.65844903488
2000	0.639959363359
2500	0.678225533356
3000	0.660006772773
3500	0.660209955977
4000	0.659668134101
4500	0.674297324754
5000	0.668608195056
5500	0.668811378259
6000	0.68113782594
6500	0.675110057569
7000	0.664883169658
7500	0.674771418896
8000	0.66942092787
8500	0.678090077887
9000	0.674703691162
9500	0.681815103285
10000	0.673010497799
10500	0.6769387064
11000	0.67422959702
11500	0.674703691162
